   1.0000000e+00   8.3694415e-01  -7.2362880e-02  -1.6898964e-01   8.1274826e-01   2.2687700e-01   9.8232837e-02  -5.8032308e-01  -8.4043013e-01  -8.1168039e-01  -5.3058950e-01   7.3723882e-01   5.2817810e-01  -5.6484870e-01  -6.5173046e-01  -6.7797202e-01
   8.3694415e-01   1.0000000e+00   4.7790445e-01   3.9308940e-01   5.7967789e-01  -3.4254015e-01  -4.4044258e-01  -8.6382097e-01  -7.7203461e-01  -3.6455346e-01   1.7915794e-02   9.3750323e-01   8.8806166e-01  -4.7669536e-01  -9.3069573e-01  -9.5075929e-01
  -7.2362880e-02   4.7790445e-01   1.0000000e+00   9.5150881e-01  -1.4916639e-01  -9.6606621e-01  -9.0094937e-01  -5.6727824e-01   2.3620627e-02   6.4127377e-01   8.5637680e-01   4.6767613e-01   7.2457901e-01  -1.0114833e-01  -5.9920617e-01  -6.7655105e-01
  -1.6898964e-01   3.9308940e-01   9.5150881e-01   1.0000000e+00  -3.9001045e-01  -9.9457531e-01  -9.8639377e-01  -6.3382490e-01  -5.0300819e-02   6.8542432e-01   9.2429126e-01   4.9196660e-01   7.3827068e-01   1.9770034e-01  -6.1475408e-01  -5.3997436e-01
   8.1274826e-01   5.7967789e-01  -1.4916639e-01  -3.9001045e-01   1.0000000e+00   3.8852347e-01   4.1003265e-01  -1.0635377e-01  -3.6852852e-01  -7.0906402e-01  -6.2877946e-01   3.0527079e-01   1.4766728e-01  -9.1397896e-01  -2.4420965e-01  -5.4567038e-01
   2.2687700e-01  -3.4254015e-01  -9.6606621e-01  -9.9457531e-01   3.8852347e-01   1.0000000e+00   9.6420239e-01   5.6028260e-01  -4.4438657e-02  -7.3901086e-01  -9.4512206e-01  -4.1788647e-01  -6.8393156e-01  -1.5904215e-01   5.4989085e-01   5.1733682e-01
   9.8232837e-02  -4.4044258e-01  -9.0094937e-01  -9.8639377e-01   4.1003265e-01   9.6420239e-01   1.0000000e+00   7.2346931e-01   1.8477405e-01  -6.0051044e-01  -8.7976761e-01  -5.8112302e-01  -7.9314227e-01  -2.7954429e-01   6.8724856e-01   5.3987210e-01
  -5.8032308e-01  -8.6382097e-01  -5.6727824e-01  -6.3382490e-01  -1.0635377e-01   5.6028260e-01   7.2346931e-01   1.0000000e+00   8.0167274e-01   1.1755629e-01  -3.0841629e-01  -9.7771289e-01  -9.7240236e-01  -2.2978371e-02   9.8631243e-01   7.8119675e-01
  -8.4043013e-01  -7.7203461e-01   2.3620627e-02  -5.0300819e-02  -3.6852852e-01  -4.4438657e-02   1.8477405e-01   8.0167274e-01   1.0000000e+00   6.6370361e-01   2.9956337e-01  -8.7072317e-01  -6.7186982e-01   4.0589444e-02   7.8492735e-01   5.4003452e-01
  -8.1168039e-01  -3.6455346e-01   6.4127377e-01   6.8542432e-01  -7.0906402e-01  -7.3901086e-01  -6.0051044e-01   1.1755629e-01   6.6370361e-01   1.0000000e+00   9.0836617e-01  -2.9592261e-01   1.5718435e-02   3.7030911e-01   1.5290425e-01   1.2472831e-01
  -5.3058950e-01   1.7915794e-02   8.5637680e-01   9.2429126e-01  -6.2877946e-01  -9.4512206e-01  -8.7976761e-01  -3.0841629e-01   2.9956337e-01   9.0836617e-01   1.0000000e+00   1.2901531e-01   4.2599751e-01   3.5698065e-01  -2.7007779e-01  -2.1440398e-01
   7.3723882e-01   9.3750323e-01   4.6767613e-01   4.9196660e-01   3.0527079e-01  -4.1788647e-01  -5.8112302e-01  -9.7771289e-01  -8.7072317e-01  -2.9592261e-01   1.2901531e-01   1.0000000e+00   9.4699260e-01  -1.4255128e-01  -9.8785444e-01  -8.3479611e-01
   5.2817810e-01   8.8806166e-01   7.2457901e-01   7.3827068e-01   1.4766728e-01  -6.8393156e-01  -7.9314227e-01  -9.7240236e-01  -6.7186982e-01   1.5718435e-02   4.2599751e-01   9.4699260e-01   1.0000000e+00  -1.0738167e-01  -9.8523830e-01  -8.7568198e-01
  -5.6484870e-01  -4.7669536e-01  -1.0114833e-01   1.9770034e-01  -9.1397896e-01  -1.5904215e-01  -2.7954429e-01  -2.2978371e-02   4.0589444e-02   3.7030911e-01   3.5698065e-01  -1.4255128e-01  -1.0738167e-01   1.0000000e+00   1.4013934e-01   5.7207062e-01
  -6.5173046e-01  -9.3069573e-01  -5.9920617e-01  -6.1475408e-01  -2.4420965e-01   5.4989085e-01   6.8724856e-01   9.8631243e-01   7.8492735e-01   1.5290425e-01  -2.7007779e-01  -9.8785444e-01  -9.8523830e-01   1.4013934e-01   1.0000000e+00   8.7187601e-01
  -6.7797202e-01  -9.5075929e-01  -6.7655105e-01  -5.3997436e-01  -5.4567038e-01   5.1733682e-01   5.3987210e-01   7.8119675e-01   5.4003452e-01   1.2472831e-01  -2.1440398e-01  -8.3479611e-01  -8.7568198e-01   5.7207062e-01   8.7187601e-01   1.0000000e+00

