   1.0000000e+00   9.4207945e-01   9.4567972e-01   8.4374448e-01   9.5799180e-01   9.7598670e-01  -9.0607708e-01  -9.3381664e-01   1.0530943e-01   7.5583132e-01   9.9706565e-01   9.2497840e-01   9.9250835e-01  -9.8104109e-01  -9.9583233e-01  -6.0468185e-01
   9.4207945e-01   1.0000000e+00   9.7687843e-01   8.0553590e-01   9.9735383e-01   9.9136113e-01  -8.1963139e-01  -8.9984025e-01  -5.8056214e-02   8.7083940e-01   9.3659036e-01   9.8819770e-01   9.7388979e-01  -9.3440626e-01  -9.5869663e-01  -6.9199776e-01
   9.4567972e-01   9.7687843e-01   1.0000000e+00   6.9892564e-01   9.8798127e-01   9.7021642e-01  -7.4875591e-01  -9.6898347e-01  -1.9595681e-01   9.2657275e-01   9.2560212e-01   9.3357798e-01   9.7603779e-01  -9.7380882e-01  -9.4392838e-01  -5.2376716e-01
   8.4374448e-01   8.0553590e-01   6.9892564e-01   1.0000000e+00   7.9174062e-01   8.5096012e-01  -9.8139387e-01  -6.0083586e-01   5.4381966e-01   4.1043463e-01   8.8179516e-01   8.7303338e-01   8.2037757e-01  -7.2615846e-01  -8.7838096e-01  -9.0115611e-01
   9.5799180e-01   9.9735383e-01   9.8798127e-01   7.9174062e-01   1.0000000e+00   9.9377862e-01  -8.1978509e-01  -9.2836425e-01  -7.3539560e-02   8.7953797e-01   9.4925352e-01   9.7734907e-01   9.8543364e-01  -9.5754668e-01  -9.6809944e-01  -6.4867578e-01
   9.7598670e-01   9.9136113e-01   9.7021642e-01   8.5096012e-01   9.9377862e-01   1.0000000e+00  -8.7844954e-01  -9.1064750e-01   3.6068909e-02   8.2173997e-01   9.7431640e-01   9.8329155e-01   9.9202847e-01  -9.5661430e-01  -9.8765675e-01  -6.9566684e-01
  -9.0607708e-01  -8.1963139e-01  -7.4875591e-01  -9.8139387e-01  -8.1978509e-01  -8.7844954e-01   1.0000000e+00   6.9514680e-01  -5.0316781e-01  -4.5108448e-01  -9.3551183e-01  -8.6533774e-01  -8.7165875e-01   8.0719092e-01   9.2385771e-01   8.0181635e-01
  -9.3381664e-01  -8.9984025e-01  -9.6898347e-01  -6.0083586e-01  -9.2836425e-01  -9.1064750e-01   6.9514680e-01   1.0000000e+00   2.3906873e-01  -8.9371863e-01  -9.0374287e-01  -8.3098217e-01  -9.4741517e-01   9.8544057e-01   9.0976526e-01   3.3681903e-01
   1.0530943e-01  -5.8056214e-02  -1.9595681e-01   5.4381966e-01  -7.3539560e-02   3.6068909e-02  -5.0316781e-01   2.3906873e-01   1.0000000e+00  -5.3904521e-01   1.7556217e-01   6.7540074e-02   1.6250923e-02   7.8782202e-02  -1.3540689e-01  -5.1354119e-01
   7.5583132e-01   8.7083940e-01   9.2657275e-01   4.1043463e-01   8.7953797e-01   8.2173997e-01  -4.5108448e-01  -8.9371863e-01  -5.3904521e-01   1.0000000e+00   7.1533861e-01   7.9518162e-01   8.2253443e-01  -8.4245482e-01  -7.5111724e-01  -3.0949095e-01
   9.9706565e-01   9.3659036e-01   9.2560212e-01   8.8179516e-01   9.4925352e-01   9.7431640e-01  -9.3551183e-01  -9.0374287e-01   1.7556217e-01   7.1533861e-01   1.0000000e+00   9.3101602e-01   9.8570951e-01  -9.6334607e-01  -9.9755618e-01  -6.5383854e-01
   9.2497840e-01   9.8819770e-01   9.3357798e-01   8.7303338e-01   9.7734907e-01   9.8329155e-01  -8.6533774e-01  -8.3098217e-01   6.7540074e-02   7.9518162e-01   9.3101602e-01   1.0000000e+00   9.5251925e-01  -8.8889896e-01  -9.5273435e-01  -7.9406346e-01
   9.9250835e-01   9.7388979e-01   9.7603779e-01   8.2037757e-01   9.8543364e-01   9.9202847e-01  -8.7165875e-01  -9.4741517e-01   1.6250923e-02   8.2253443e-01   9.8570951e-01   9.5251925e-01   1.0000000e+00  -9.8461696e-01  -9.9285606e-01  -6.1503135e-01
  -9.8104109e-01  -9.3440626e-01  -9.7380882e-01  -7.2615846e-01  -9.5754668e-01  -9.5661430e-01   8.0719092e-01   9.8544057e-01   7.8782202e-02  -8.4245482e-01  -9.6334607e-01  -8.8889896e-01  -9.8461696e-01   1.0000000e+00   9.6587922e-01   4.6877782e-01
  -9.9583233e-01  -9.5869663e-01  -9.4392838e-01  -8.7838096e-01  -9.6809944e-01  -9.8765675e-01   9.2385771e-01   9.0976526e-01  -1.3540689e-01  -7.5111724e-01  -9.9755618e-01  -9.5273435e-01  -9.9285606e-01   9.6587922e-01   1.0000000e+00   6.7234826e-01
  -6.0468185e-01  -6.9199776e-01  -5.2376716e-01  -9.0115611e-01  -6.4867578e-01  -6.9566684e-01   8.0181635e-01   3.3681903e-01  -5.1354119e-01  -3.0949095e-01  -6.5383854e-01  -7.9406346e-01  -6.1503135e-01   4.6877782e-01   6.7234826e-01   1.0000000e+00

