   1.0000000e+00   7.6285578e-01   1.4747603e-01   1.4476704e-01   4.2099358e-01   5.7221704e-02  -4.5409128e-01  -7.8473042e-01  -3.1021451e-01   3.5463743e-01  -2.7121711e-02   2.8934334e-02  -9.8270723e-01  -6.1420279e-01  -2.0662467e-01   8.2770007e-01
   7.6285578e-01   1.0000000e+00   7.5198001e-01   7.4060261e-01   9.0278560e-01   6.7483816e-01   1.9420282e-01  -9.8791117e-01  -8.4711774e-01   8.7124223e-01   6.0778994e-01   6.6794484e-01  -6.9407749e-01  -9.5161157e-01  -7.3235889e-01   2.8973494e-01
   1.4747603e-01   7.5198001e-01   1.0000000e+00   9.8389786e-01   9.5083093e-01   9.7223337e-01   7.6249420e-01  -7.0998522e-01  -9.7865450e-01   9.7203545e-01   9.5545762e-01   9.9252975e-01  -6.1236210e-02  -8.3157876e-01  -9.1295935e-01  -3.9904902e-01
   1.4476704e-01   7.4060261e-01   9.8389786e-01   1.0000000e+00   9.5755897e-01   9.9542738e-01   6.9664249e-01  -7.2554781e-01  -9.8406650e-01   9.3887889e-01   9.8326305e-01   9.7157749e-01  -3.0479970e-02  -7.7370799e-01  -8.2647222e-01  -4.2745181e-01
   4.2099358e-01   9.0278560e-01   9.5083093e-01   9.5755897e-01   1.0000000e+00   9.2659870e-01   5.2514438e-01  -8.8911610e-01  -9.9285435e-01   9.7280378e-01   8.9013905e-01   9.0654963e-01  -3.1728415e-01  -9.0107146e-01  -8.3900712e-01  -1.4890082e-01
   5.7221704e-02   6.7483816e-01   9.7223337e-01   9.9542738e-01   9.2659870e-01   1.0000000e+00   7.2588177e-01  -6.6346489e-01  -9.6266544e-01   9.0525226e-01   9.9614228e-01   9.6922523e-01   6.1993190e-02  -7.1134517e-01  -7.9406397e-01  -5.0800706e-01
  -4.5409128e-01   1.9420282e-01   7.6249420e-01   6.9664249e-01   5.2514438e-01   7.2588177e-01   1.0000000e+00  -1.0170529e-01  -6.1441936e-01   6.4814946e-01   7.5324401e-01   8.3324540e-01   4.6765219e-01  -4.2397480e-01  -7.7522203e-01  -7.5959547e-01
  -7.8473042e-01  -9.8791117e-01  -7.0998522e-01  -7.2554781e-01  -8.8911610e-01  -6.6346489e-01  -1.0170529e-01   1.0000000e+00   8.2823740e-01  -8.2214647e-01  -5.9831972e-01  -6.1877322e-01   6.9523138e-01   8.9434822e-01   6.3706346e-01  -3.0353401e-01
  -3.1021451e-01  -8.4711774e-01  -9.7865450e-01  -9.8406650e-01  -9.9285435e-01  -9.6266544e-01  -6.1441936e-01   8.2823740e-01   1.0000000e+00  -9.7553175e-01  -9.3523098e-01  -9.4809940e-01   2.0547885e-01   8.6773982e-01   8.5799337e-01   2.6313660e-01
   3.5463743e-01   8.7124223e-01   9.7203545e-01   9.3887889e-01   9.7280378e-01   9.0525226e-01   6.4814946e-01  -8.2214647e-01  -9.7553175e-01   1.0000000e+00   8.6890943e-01   9.4214334e-01  -2.8588546e-01  -9.3867529e-01  -9.4213730e-01  -1.7756937e-01
  -2.7121711e-02   6.0778994e-01   9.5545762e-01   9.8326305e-01   8.9013905e-01   9.9614228e-01   7.5324401e-01  -5.9831972e-01  -9.3523098e-01   8.6890943e-01   1.0000000e+00   9.6172676e-01   1.4848180e-01  -6.5027269e-01  -7.6303440e-01  -5.8016948e-01
   2.8934334e-02   6.6794484e-01   9.9252975e-01   9.7157749e-01   9.0654963e-01   9.6922523e-01   8.3324540e-01  -6.1877322e-01  -9.4809940e-01   9.4214334e-01   9.6172676e-01   1.0000000e+00   5.1494827e-02  -7.7330420e-01  -9.0875327e-01  -4.9708400e-01
  -9.8270723e-01  -6.9407749e-01  -6.1236210e-02  -3.0479970e-02  -3.1728415e-01   6.1993190e-02   4.6765219e-01   6.9523138e-01   2.0547885e-01  -2.8588546e-01   1.4848180e-01   5.1494827e-02   1.0000000e+00   5.8102335e-01   1.9368380e-01  -8.8978371e-01
  -6.1420279e-01  -9.5161157e-01  -8.3157876e-01  -7.7370799e-01  -9.0107146e-01  -7.1134517e-01  -4.2397480e-01   8.9434822e-01   8.6773982e-01  -9.3867529e-01  -6.5027269e-01  -7.7330420e-01   5.8102335e-01   1.0000000e+00   8.9491475e-01  -1.6153731e-01
  -2.0662467e-01  -7.3235889e-01  -9.1295935e-01  -8.2647222e-01  -8.3900712e-01  -7.9406397e-01  -7.7522203e-01   6.3706346e-01   8.5799337e-01  -9.4213730e-01  -7.6303440e-01  -9.0875327e-01   1.9368380e-01   8.9491475e-01   1.0000000e+00   2.2151952e-01
   8.2770007e-01   2.8973494e-01  -3.9904902e-01  -4.2745181e-01  -1.4890082e-01  -5.0800706e-01  -7.5959547e-01  -3.0353401e-01   2.6313660e-01  -1.7756937e-01  -5.8016948e-01  -4.9708400e-01  -8.8978371e-01  -1.6153731e-01   2.2151952e-01   1.0000000e+00

