   1.0000000e+00  -8.9230253e-01  -7.4813443e-01  -7.8342711e-01   3.0993593e-01   9.9187559e-01   8.2198317e-01   8.4470170e-01   8.0718170e-01   7.8867015e-01   7.9781397e-01   7.3003532e-01   8.0792887e-01   6.9051328e-01   3.8849629e-01  -9.1053571e-01
  -8.9230253e-01   1.0000000e+00   8.5787592e-01   9.4864092e-01  -2.2025713e-01  -9.3920089e-01  -7.8967007e-01  -7.5902462e-01  -8.1144403e-01  -7.8322287e-01  -7.6957114e-01  -7.3691857e-01  -7.7411510e-01  -7.1520343e-01  -5.9295944e-01   7.4732740e-01
  -7.4813443e-01   8.5787592e-01   1.0000000e+00   6.7372977e-01   3.0367659e-01  -7.7090615e-01  -3.8268031e-01  -9.1109442e-01  -9.7326001e-01  -9.6610873e-01  -9.5265726e-01  -9.6248653e-01  -9.4997627e-01  -9.6227600e-01  -9.0115649e-01   8.1889168e-01
  -7.8342711e-01   9.4864092e-01   6.7372977e-01   1.0000000e+00  -4.4141159e-01  -8.5540603e-01  -8.7055603e-01  -5.1635195e-01  -5.8660629e-01  -5.4800643e-01  -5.2841665e-01  -4.9025583e-01  -5.3421114e-01  -4.6663539e-01  -3.9522156e-01   5.2358031e-01
   3.0993593e-01  -2.2025713e-01   3.0367659e-01  -4.4141159e-01   1.0000000e+00   3.3240324e-01   7.6303499e-01  -2.4402233e-01  -2.9781134e-01  -3.3273858e-01  -3.2401828e-01  -4.1626615e-01  -3.0849259e-01  -4.6298285e-01  -6.4752720e-01   6.4962396e-02
   9.9187559e-01  -9.3920089e-01  -7.7090615e-01  -8.5540603e-01   3.3240324e-01   1.0000000e+00   8.5379176e-01   8.1656859e-01   8.0134765e-01   7.7841918e-01   7.8168742e-01   7.1899530e-01   7.9103086e-01   6.8201324e-01   4.1931289e-01  -8.6941041e-01
   8.2198317e-01  -7.8967007e-01  -3.8268031e-01  -8.7055603e-01   7.6303499e-01   8.5379176e-01   1.0000000e+00   3.9841367e-01   3.8039923e-01   3.4283811e-01   3.4425621e-01   2.5874672e-01   3.5791007e-01   2.1188265e-01  -2.5390114e-02  -5.1516995e-01
   8.4470170e-01  -7.5902462e-01  -9.1109442e-01  -5.1635195e-01  -2.4402233e-01   8.1656859e-01   3.9841367e-01   1.0000000e+00   9.8100213e-01   9.8346873e-01   9.9070476e-01   9.7025628e-01   9.9280070e-01   9.5466694e-01   7.3191315e-01  -9.7475426e-01
   8.0718170e-01  -8.1144403e-01  -9.7326001e-01  -5.8660629e-01  -2.9781134e-01   8.0134765e-01   3.8039923e-01   9.8100213e-01   1.0000000e+00   9.9890096e-01   9.9660371e-01   9.9174543e-01   9.9619981e-01   9.8398778e-01   8.3567172e-01  -9.2070815e-01
   7.8867015e-01  -7.8322287e-01  -9.6610873e-01  -5.4800643e-01  -3.3273858e-01   7.7841918e-01   3.4283811e-01   9.8346873e-01   9.9890096e-01   1.0000000e+00   9.9879106e-01   9.9590898e-01   9.9805025e-01   9.8922611e-01   8.3987937e-01  -9.2092109e-01
   7.9781397e-01  -7.6957114e-01  -9.5265726e-01  -5.2841665e-01  -3.2401828e-01   7.8168742e-01   3.4425621e-01   9.9070476e-01   9.9660371e-01   9.9879106e-01   1.0000000e+00   9.9353004e-01   9.9982956e-01   9.8504039e-01   8.1718123e-01  -9.3627608e-01
   7.3003532e-01  -7.3691857e-01  -9.6248653e-01  -4.9025583e-01  -4.1626615e-01   7.1899530e-01   2.5874672e-01   9.7025628e-01   9.9174543e-01   9.9590898e-01   9.9353004e-01   1.0000000e+00   9.9126427e-01   9.9823723e-01   8.7454912e-01  -8.9178955e-01
   8.0792887e-01  -7.7411510e-01  -9.4997627e-01  -5.3421114e-01  -3.0849259e-01   7.9103086e-01   3.5791007e-01   9.9280070e-01   9.9619981e-01   9.9805025e-01   9.9982956e-01   9.9126427e-01   1.0000000e+00   9.8169117e-01   8.0690814e-01  -9.4233441e-01
   6.9051328e-01  -7.1520343e-01  -9.6227600e-01  -4.6663539e-01  -4.6298285e-01   6.8201324e-01   2.1188265e-01   9.5466694e-01   9.8398778e-01   9.8922611e-01   9.8504039e-01   9.9823723e-01   9.8169117e-01   1.0000000e+00   8.9977692e-01  -8.6410070e-01
   3.8849629e-01  -5.9295944e-01  -9.0115649e-01  -3.9522156e-01  -6.4752720e-01   4.1931289e-01  -2.5390114e-02   7.3191315e-01   8.3567172e-01   8.3987937e-01   8.1718123e-01   8.7454912e-01   8.0690814e-01   8.9977692e-01   1.0000000e+00  -5.6269385e-01
  -9.1053571e-01   7.4732740e-01   8.1889168e-01   5.2358031e-01   6.4962396e-02  -8.6941041e-01  -5.1516995e-01  -9.7475426e-01  -9.2070815e-01  -9.2092109e-01  -9.3627608e-01  -8.9178955e-01  -9.4233441e-01  -8.6410070e-01  -5.6269385e-01   1.0000000e+00

