   1.0000000e+00   3.5734545e-01   9.9313494e-01  -3.7446012e-01  -9.8960353e-01  -5.8532585e-01   5.0476086e-02  -6.2321141e-01  -9.1257660e-01  -6.4331781e-01  -9.8240129e-01   7.1937802e-01   4.0784615e-01  -7.1022697e-01  -2.6642888e-01   8.6184356e-01
   3.5734545e-01   1.0000000e+00   2.6393052e-01  -9.8727022e-01  -4.1207800e-01   5.4278863e-01  -2.6753142e-01  -9.5161048e-01  -6.7182054e-01  -9.0351335e-01  -2.0467210e-01   6.5343733e-01  -7.0490285e-01  -8.8593653e-01   7.9130591e-01   6.9372812e-01
   9.9313494e-01   2.6393052e-01   1.0000000e+00  -2.7269809e-01  -9.6832518e-01  -6.5350872e-01   1.4150823e-01  -5.3967053e-01  -8.5900423e-01  -5.5201978e-01  -9.8433908e-01   6.3747917e-01   4.8958150e-01  -6.2689018e-01  -3.6789670e-01   7.9663126e-01
  -3.7446012e-01  -9.8727022e-01  -2.7269809e-01   1.0000000e+00   4.4812805e-01  -5.0144224e-01   4.1010315e-01   9.5443095e-01   7.0730956e-01   9.4037675e-01   2.4063490e-01  -7.4371293e-01   6.6942265e-01   9.1489736e-01  -7.9395269e-01  -7.4645956e-01
  -9.8960353e-01  -4.1207800e-01  -9.6832518e-01   4.4812805e-01   1.0000000e+00   5.4126977e-01   9.2301774e-02   6.7207491e-01   9.4875260e-01   7.1501803e-01   9.7553592e-01  -8.0966557e-01  -3.5493986e-01   7.7026832e-01   1.8256668e-01  -9.1684581e-01
  -5.8532585e-01   5.4278863e-01  -6.5350872e-01  -5.0144224e-01   5.4126977e-01   1.0000000e+00  -1.8457578e-01  -2.5874537e-01   2.5279268e-01  -1.7952037e-01   7.1095167e-01  -1.3209850e-01  -9.7817044e-01  -1.1065190e-01   9.0409052e-01  -2.0014420e-01
   5.0476086e-02  -2.6753142e-01   1.4150823e-01   4.1010315e-01   9.2301774e-02  -1.8457578e-01   1.0000000e+00   2.5491465e-01   2.3230939e-01   4.3220493e-01  -9.1264641e-04  -6.1627519e-01   2.3790185e-01   3.5516109e-01  -4.6293998e-01  -3.6263453e-01
  -6.2321141e-01  -9.5161048e-01  -5.3967053e-01   9.5443095e-01   6.7207491e-01  -2.5874537e-01   2.5491465e-01   1.0000000e+00   8.6633795e-01   9.7671003e-01   4.9502510e-01  -8.0715258e-01   4.5340489e-01   9.8056827e-01  -5.8315291e-01  -8.7423195e-01
  -9.1257660e-01  -6.7182054e-01  -8.5900423e-01   7.0730956e-01   9.4875260e-01   2.5279268e-01   2.3230939e-01   8.6633795e-01   1.0000000e+00   8.9866858e-01   8.5615335e-01  -9.0912260e-01  -4.6236735e-02   9.3230598e-01  -1.3731597e-01  -9.9052280e-01
  -6.4331781e-01  -9.0351335e-01  -5.5201978e-01   9.4037675e-01   7.1501803e-01  -1.7952037e-01   4.3220493e-01   9.7671003e-01   8.9866858e-01   1.0000000e+00   5.4504233e-01  -9.1009028e-01   3.7800642e-01   9.9477817e-01  -5.5621806e-01  -9.2791663e-01
  -9.8240129e-01  -2.0467210e-01  -9.8433908e-01   2.4063490e-01   9.7553592e-01   7.1095167e-01  -9.1264641e-04   4.9502510e-01   8.5615335e-01   5.4504233e-01   1.0000000e+00  -6.9607048e-01  -5.4995421e-01   6.1131531e-01   3.9348935e-01  -8.1184669e-01
   7.1937802e-01   6.5343733e-01   6.3747917e-01  -7.4371293e-01  -8.0966557e-01  -1.3209850e-01  -6.1627519e-01  -8.0715258e-01  -9.0912260e-01  -9.1009028e-01  -6.9607048e-01   1.0000000e+00  -5.7758731e-02  -9.0462068e-01   3.0328185e-01   9.5713321e-01
   4.0784615e-01  -7.0490285e-01   4.8958150e-01   6.6942265e-01  -3.5493986e-01  -9.7817044e-01   2.3790185e-01   4.5340489e-01  -4.6236735e-02   3.7800642e-01  -5.4995421e-01  -5.7758731e-02   1.0000000e+00   3.1432678e-01  -9.6238645e-01  -5.7394446e-03
  -7.1022697e-01  -8.8593653e-01  -6.2689018e-01   9.1489736e-01   7.7026832e-01  -1.1065190e-01   3.5516109e-01   9.8056827e-01   9.3230598e-01   9.9477817e-01   6.1131531e-01  -9.0462068e-01   3.1432678e-01   1.0000000e+00  -4.8564278e-01  -9.4863431e-01
  -2.6642888e-01   7.9130591e-01  -3.6789670e-01  -7.9395269e-01   1.8256668e-01   9.0409052e-01  -4.6293998e-01  -5.8315291e-01  -1.3731597e-01  -5.5621806e-01   3.9348935e-01   3.0328185e-01  -9.6238645e-01  -4.8564278e-01   1.0000000e+00   2.1172338e-01
   8.6184356e-01   6.9372812e-01   7.9663126e-01  -7.4645956e-01  -9.1684581e-01  -2.0014420e-01  -3.6263453e-01  -8.7423195e-01  -9.9052280e-01  -9.2791663e-01  -8.1184669e-01   9.5713321e-01  -5.7394446e-03  -9.4863431e-01   2.1172338e-01   1.0000000e+00

