   1.0000000e+00   9.4613859e-01   9.8417618e-01   5.6448058e-01   4.4921925e-02  -9.4211448e-01  -9.5145058e-01  -9.0777453e-01  -1.8161963e-01   9.6308165e-01   9.6045053e-01   4.1185912e-01   9.7258259e-01   3.6947382e-01  -9.0492500e-01  -9.6300971e-01
   9.4613859e-01   1.0000000e+00   9.2850872e-01   2.7532824e-01  -2.7934180e-01  -8.9756507e-01  -9.2560803e-01  -7.8088592e-01   1.4405243e-01   9.6890585e-01   9.9211682e-01   6.5434564e-01   9.9353164e-01   1.6372136e-01  -9.8733740e-01  -8.5248998e-01
   9.8417618e-01   9.2850872e-01   1.0000000e+00   5.9866483e-01   6.9889819e-02  -9.8630021e-01  -9.8843238e-01  -9.5616770e-01  -2.0847284e-01   9.8209445e-01   9.6185521e-01   3.2736709e-01   9.6466296e-01   4.9768177e-01  -8.6419292e-01  -9.8456855e-01
   5.6448058e-01   2.7532824e-01   5.9866483e-01   1.0000000e+00   8.4025551e-01  -5.8564666e-01  -5.3583373e-01  -7.7586326e-01  -9.0762024e-01   4.4288937e-01   3.5813115e-01  -5.0398774e-01   3.7886848e-01   8.1824013e-01  -1.6012988e-01  -7.2957557e-01
   4.4921925e-02  -2.7934180e-01   6.9889819e-02   8.4025551e-01   1.0000000e+00  -5.6430148e-02   5.8046318e-03  -3.1423518e-01  -9.9020631e-01  -1.1392076e-01  -2.0245283e-01  -8.3398236e-01  -1.7625667e-01   6.5955158e-01   3.7494804e-01  -2.4308280e-01
  -9.4211448e-01  -8.9756507e-01  -9.8630021e-01  -5.8564666e-01  -5.6430148e-02   1.0000000e+00   9.9750755e-01   9.6556448e-01   1.9350876e-01  -9.7828775e-01  -9.4518123e-01  -2.6888725e-01  -9.3826268e-01  -5.8171276e-01   8.1663199e-01   9.7057734e-01
  -9.5145058e-01  -9.2560803e-01  -9.8843238e-01  -5.3583373e-01   5.8046318e-03   9.9750755e-01   1.0000000e+00   9.4700234e-01   1.3276091e-01  -9.9036418e-01  -9.6550699e-01  -3.3617788e-01  -9.5882572e-01  -5.2398344e-01   8.5395629e-01   9.6141617e-01
  -9.0777453e-01  -7.8088592e-01  -9.5616770e-01  -7.7586326e-01  -3.1423518e-01   9.6556448e-01   9.4700234e-01   1.0000000e+00   4.4204221e-01  -9.0061848e-01  -8.4613122e-01  -3.8693624e-02  -8.4642076e-01  -7.2460646e-01   6.7909324e-01   9.8633680e-01
  -1.8161963e-01   1.4405243e-01  -2.0847284e-01  -9.0762024e-01  -9.9020631e-01   1.9350876e-01   1.3276091e-01   4.4204221e-01   1.0000000e+00  -2.5795039e-02   6.3915169e-02   7.7219957e-01   3.7890552e-02  -7.1683718e-01  -2.4689123e-01   3.7612526e-01
   9.6308165e-01   9.6890585e-01   9.8209445e-01   4.4288937e-01  -1.1392076e-01  -9.7828775e-01  -9.9036418e-01  -9.0061848e-01  -2.5795039e-02   1.0000000e+00   9.9223479e-01   4.6109776e-01   9.8767783e-01   4.0098216e-01  -9.1738883e-01  -9.3542675e-01
   9.6045053e-01   9.9211682e-01   9.6185521e-01   3.5813115e-01  -2.0245283e-01  -9.4518123e-01  -9.6550699e-01  -8.4613122e-01   6.3915169e-02   9.9223479e-01   1.0000000e+00   5.6356979e-01   9.9803688e-01   2.8426859e-01  -9.5968977e-01  -8.9935553e-01
   4.1185912e-01   6.5434564e-01   3.2736709e-01  -5.0398774e-01  -8.3398236e-01  -2.6888725e-01  -3.3617788e-01  -3.8693624e-02   7.7219957e-01   4.6109776e-01   5.6356979e-01   1.0000000e+00   5.6450881e-01  -6.1129487e-01  -7.5636902e-01  -1.6821851e-01
   9.7258259e-01   9.9353164e-01   9.6466296e-01   3.7886848e-01  -1.7625667e-01  -9.3826268e-01  -9.5882572e-01  -8.4642076e-01   3.7890552e-02   9.8767783e-01   9.9803688e-01   5.6450881e-01   1.0000000e+00   2.6783918e-01  -9.6499415e-01  -9.0608965e-01
   3.6947382e-01   1.6372136e-01   4.9768177e-01   8.1824013e-01   6.5955158e-01  -5.8171276e-01  -5.2398344e-01  -7.2460646e-01  -7.1683718e-01   4.0098216e-01   2.8426859e-01  -6.1129487e-01   2.6783918e-01   1.0000000e+00  -6.4980721e-03  -6.0556863e-01
  -9.0492500e-01  -9.8733740e-01  -8.6419292e-01  -1.6012988e-01   3.7494804e-01   8.1663199e-01   8.5395629e-01   6.7909324e-01  -2.4689123e-01  -9.1738883e-01  -9.5968977e-01  -7.5636902e-01  -9.6499415e-01  -6.4980721e-03   1.0000000e+00   7.7204840e-01
  -9.6300971e-01  -8.5248998e-01  -9.8456855e-01  -7.2957557e-01  -2.4308280e-01   9.7057734e-01   9.6141617e-01   9.8633680e-01   3.7612526e-01  -9.3542675e-01  -8.9935553e-01  -1.6821851e-01  -9.0608965e-01  -6.0556863e-01   7.7204840e-01   1.0000000e+00

